city,year,weekofyear,total_cases
sj,2008,18,8
sj,2008,19,8
sj,2008,20,8
sj,2008,21,8
sj,2008,22,8
sj,2008,23,9
sj,2008,24,8
sj,2008,25,9
sj,2008,26,12
sj,2008,27,11
sj,2008,28,9
sj,2008,29,13
sj,2008,30,20
sj,2008,31,29
sj,2008,32,45
sj,2008,33,58
sj,2008,34,41
sj,2008,35,61
sj,2008,36,90
sj,2008,37,60
sj,2008,38,55
sj,2008,39,44
sj,2008,40,46
sj,2008,41,43
sj,2008,42,41
sj,2008,43,36
sj,2008,44,31
sj,2008,45,39
sj,2008,46,38
sj,2008,47,35
sj,2008,48,34
sj,2008,49,27
sj,2008,50,33
sj,2008,51,26
sj,2008,52,25
sj,2009,1,13
sj,2009,2,13
sj,2009,3,14
sj,2009,4,13
sj,2009,5,11
sj,2009,6,10
sj,2009,7,9
sj,2009,8,9
sj,2009,9,8
sj,2009,10,8
sj,2009,11,8
sj,2009,12,8
sj,2009,13,8
sj,2009,14,8
sj,2009,15,8
sj,2009,16,8
sj,2009,17,8
sj,2009,18,8
sj,2009,19,8
sj,2009,20,8
sj,2009,21,8
sj,2009,22,8
sj,2009,23,8
sj,2009,24,8
sj,2009,25,9
sj,2009,26,9
sj,2009,27,14
sj,2009,28,29
sj,2009,29,23
sj,2009,30,27
sj,2009,31,41
sj,2009,32,46
sj,2009,33,44
sj,2009,34,48
sj,2009,35,54
sj,2009,36,72
sj,2009,37,43
sj,2009,38,50
sj,2009,39,47
sj,2009,40,75
sj,2009,41,73
sj,2009,42,70
sj,2009,43,49
sj,2009,44,41
sj,2009,45,37
sj,2009,46,36
sj,2009,47,42
sj,2009,48,39
sj,2009,49,35
sj,2009,50,35
sj,2009,51,33
sj,2009,52,35
sj,2010,53,40
sj,2010,1,13
sj,2010,2,13
sj,2010,3,8
sj,2010,4,13
sj,2010,5,11
sj,2010,6,9
sj,2010,7,9
sj,2010,8,9
sj,2010,9,8
sj,2010,10,8
sj,2010,11,8
sj,2010,12,8
sj,2010,13,9
sj,2010,14,8
sj,2010,15,8
sj,2010,16,8
sj,2010,17,9
sj,2010,18,10
sj,2010,19,8
sj,2010,20,8
sj,2010,21,10
sj,2010,22,21
sj,2010,23,31
sj,2010,24,37
sj,2010,25,18
sj,2010,26,19
sj,2010,27,38
sj,2010,28,41
sj,2010,29,24
sj,2010,30,23
sj,2010,31,43
sj,2010,32,64
sj,2010,33,57
sj,2010,34,80
sj,2010,35,99
sj,2010,36,101
sj,2010,37,65
sj,2010,38,68
sj,2010,39,53
sj,2010,40,50
sj,2010,41,65
sj,2010,42,50
sj,2010,43,49
sj,2010,44,36
sj,2010,45,41
sj,2010,46,36
sj,2010,47,35
sj,2010,48,26
sj,2010,49,25
sj,2010,50,34
sj,2010,51,27
sj,2011,52,34
sj,2011,1,13
sj,2011,2,13
sj,2011,3,14
sj,2011,4,13
sj,2011,5,12
sj,2011,6,10
sj,2011,7,9
sj,2011,8,9
sj,2011,9,8
sj,2011,10,8
sj,2011,11,8
sj,2011,12,8
sj,2011,13,8
sj,2011,14,8
sj,2011,15,8
sj,2011,16,8
sj,2011,17,8
sj,2011,18,9
sj,2011,19,8
sj,2011,20,7
sj,2011,21,7
sj,2011,22,8
sj,2011,23,9
sj,2011,24,22
sj,2011,25,30
sj,2011,26,25
sj,2011,27,20
sj,2011,28,25
sj,2011,29,12
sj,2011,30,32
sj,2011,31,29
sj,2011,32,70
sj,2011,33,51
sj,2011,34,89
sj,2011,35,48
sj,2011,36,52
sj,2011,37,62
sj,2011,38,41
sj,2011,39,47
sj,2011,40,56
sj,2011,41,48
sj,2011,42,41
sj,2011,43,35
sj,2011,44,42
sj,2011,45,37
sj,2011,46,36
sj,2011,47,36
sj,2011,48,35
sj,2011,49,27
sj,2011,50,36
sj,2011,51,33
sj,2012,52,33
sj,2012,1,14
sj,2012,2,13
sj,2012,3,14
sj,2012,4,13
sj,2012,5,11
sj,2012,6,10
sj,2012,7,9
sj,2012,8,9
sj,2012,9,8
sj,2012,10,8
sj,2012,11,8
sj,2012,12,8
sj,2012,13,7
sj,2012,14,8
sj,2012,15,8
sj,2012,16,8
sj,2012,17,8
sj,2012,18,8
sj,2012,19,8
sj,2012,20,8
sj,2012,21,7
sj,2012,22,8
sj,2012,23,10
sj,2012,24,17
sj,2012,25,29
sj,2012,26,27
sj,2012,27,15
sj,2012,28,10
sj,2012,29,16
sj,2012,30,21
sj,2012,31,36
sj,2012,32,43
sj,2012,33,46
sj,2012,34,58
sj,2012,35,39
sj,2012,36,46
sj,2012,37,63
sj,2012,38,63
sj,2012,39,66
sj,2012,40,64
sj,2012,41,46
sj,2012,42,49
sj,2012,43,49
sj,2012,44,59
sj,2012,45,43
sj,2012,46,38
sj,2012,47,35
sj,2012,48,35
sj,2012,49,34
sj,2012,50,31
sj,2012,51,28
sj,2013,1,13
sj,2013,2,14
sj,2013,3,13
sj,2013,4,13
sj,2013,5,11
sj,2013,6,10
sj,2013,7,9
sj,2013,8,9
sj,2013,9,8
sj,2013,10,7
sj,2013,11,8
sj,2013,12,8
sj,2013,13,8
sj,2013,14,8
sj,2013,15,8
sj,2013,16,8
sj,2013,17,8
iq,2010,26,4
iq,2010,27,4
iq,2010,28,5
iq,2010,29,5
iq,2010,30,6
iq,2010,31,9
iq,2010,32,7
iq,2010,33,8
iq,2010,34,8
iq,2010,35,9
iq,2010,36,13
iq,2010,37,9
iq,2010,38,10
iq,2010,39,9
iq,2010,40,47
iq,2010,41,10
iq,2010,42,11
iq,2010,43,15
iq,2010,44,26
iq,2010,45,14
iq,2010,46,13
iq,2010,47,14
iq,2010,48,23
iq,2010,49,15
iq,2010,50,13
iq,2010,51,9
iq,2011,52,19
iq,2011,1,12
iq,2011,2,7
iq,2011,3,6
iq,2011,4,11
iq,2011,5,6
iq,2011,6,6
iq,2011,7,6
iq,2011,8,6
iq,2011,9,11
iq,2011,10,5
iq,2011,11,5
iq,2011,12,6
iq,2011,13,7
iq,2011,14,9
iq,2011,15,6
iq,2011,16,4
iq,2011,17,5
iq,2011,18,13
iq,2011,19,4
iq,2011,20,4
iq,2011,21,4
iq,2011,22,4
iq,2011,23,4
iq,2011,24,4
iq,2011,25,4
iq,2011,26,4
iq,2011,27,5
iq,2011,28,4
iq,2011,29,4
iq,2011,30,5
iq,2011,31,7
iq,2011,32,7
iq,2011,33,8
iq,2011,34,9
iq,2011,35,8
iq,2011,36,10
iq,2011,37,10
iq,2011,38,8
iq,2011,39,28
iq,2011,40,9
iq,2011,41,12
iq,2011,42,28
iq,2011,43,11
iq,2011,44,11
iq,2011,45,13
iq,2011,46,15
iq,2011,47,14
iq,2011,48,12
iq,2011,49,14
iq,2011,50,17
iq,2011,51,27
iq,2012,52,30
iq,2012,1,7
iq,2012,2,7
iq,2012,3,6
iq,2012,4,6
iq,2012,5,7
iq,2012,6,8
iq,2012,7,5
iq,2012,8,5
iq,2012,9,4
iq,2012,10,4
iq,2012,11,4
iq,2012,12,4
iq,2012,13,5
iq,2012,14,4
iq,2012,15,8
iq,2012,16,8
iq,2012,17,5
iq,2012,18,5
iq,2012,19,4
iq,2012,20,5
iq,2012,21,4
iq,2012,22,4
iq,2012,23,4
iq,2012,24,4
iq,2012,25,4
iq,2012,26,4
iq,2012,27,4
iq,2012,28,4
iq,2012,29,4
iq,2012,30,7
iq,2012,31,7
iq,2012,32,7
iq,2012,33,8
iq,2012,34,8
iq,2012,35,10
iq,2012,36,16
iq,2012,37,9
iq,2012,38,9
iq,2012,39,9
iq,2012,40,9
iq,2012,41,25
iq,2012,42,10
iq,2012,43,13
iq,2012,44,13
iq,2012,45,12
iq,2012,46,27
iq,2012,47,50
iq,2012,48,40
iq,2012,49,26
iq,2012,50,20
iq,2012,51,18
iq,2013,1,7
iq,2013,2,7
iq,2013,3,7
iq,2013,4,7
iq,2013,5,6
iq,2013,6,9
iq,2013,7,6
iq,2013,8,10
iq,2013,9,5
iq,2013,10,5
iq,2013,11,13
iq,2013,12,18
iq,2013,13,14
iq,2013,14,6
iq,2013,15,5
iq,2013,16,11
iq,2013,17,5
iq,2013,18,6
iq,2013,19,6
iq,2013,20,5
iq,2013,21,4
iq,2013,22,4
iq,2013,23,4
iq,2013,24,4
iq,2013,25,4
iq,2013,26,4
